0.611111
0.979167
0.982143
0.964286
1.000000
0.656250
0.933333
0.892857
0.803571
0.954545
0.923077
0.892857
0.950000
0.975000
0.958333
0.618750
0.854167
1.000000
0.833333
0.690171
0.775000
0.843750
0.878846
0.868750
0.901786
0.863636
0.750000
0.781250
0.666667
0.741667
0.895833
0.800000
0.950000
0.757576
0.916667
0.833333
0.937500
0.812500
0.909091
0.944444
0.770833
0.909091
0.950000
0.829545
0.722222
0.954545
0.961538
0.964286
0.980769
1.000000
0.944444
0.744444
0.854167
0.979167
0.895833
0.895833
0.931818
0.964286
0.974138
0.974138
0.990000
0.962500
0.890625
0.921875
0.916667
0.875000
0.975000
0.798077
0.686508
0.944444
1.000000
1.000000
0.984375
0.761364
1.000000
0.916667
0.942308
0.950000
0.909091
0.900000
0.846154
0.818182
0.861111
0.608333
1.000000
1.000000
0.843750
0.809524
0.756944
0.791667
0.750000
0.875000
0.968750
0.891667
0.880952
0.875000
0.900000
0.732143
0.914286
0.781746
0.808333
0.850000
0.736111
0.966667
0.942308
0.937500
0.821429
0.975000
0.968750
0.845238
0.972222
1.000000
0.816667
0.970588
0.750000
1.000000
0.979167
0.916667
0.875000
0.942308
0.906250
0.906250
0.928571
0.928571
0.781250
0.843750
0.875000
0.916667
0.916667
1.000000
0.750000
0.633333
0.950000
0.942308
0.900000
0.775000
0.880952
1.000000
0.968750
0.636364
0.841667
0.837500
0.833333
0.784091
0.781250
0.972222
0.680556
0.800000
0.928571
0.850000
0.875000
0.812500
