0.876558
0.000000
0.000000
0.000134
0.000000
1.000000
0.000029
0.009178
0.264616
0.006218
0.021224
0.075927
0.000025
0.000025
0.000000
0.648077
0.563631
0.000000
0.386476
0.874009
0.919813
0.386476
0.007220
0.412862
0.248213
0.090549
1.000000
0.465209
0.835059
0.456227
0.045500
0.723674
0.093533
0.790836
0.001946
0.540291
0.000006
0.730647
0.090549
0.045021
0.373175
0.090549
0.000025
0.898495
1.000000
0.006218
0.000542
0.000134
0.000000
0.000000
0.000000
0.648077
0.540291
0.000000
0.001946
0.045500
0.000000
0.000000
0.000000
0.000000
0.000000
0.000000
0.001362
0.000006
0.000029
0.167546
0.000025
1.000000
0.907712
0.000205
0.000000
0.000000
0.000000
1.000000
0.000000
0.001946
0.000542
0.017706
0.006218
0.017706
0.021224
0.090549
0.045021
0.648077
0.000000
0.000000
1.000000
0.937285
1.000000
0.540291
1.000000
1.000000
0.001341
0.540291
0.540291
0.386476
0.648077
1.000000
0.114145
0.288844
0.648077
0.648077
1.000000
0.000000
0.000542
0.000000
1.000000
0.000025
0.001341
0.937285
0.000205
0.000000
0.817082
0.000000
0.540291
0.000000
0.000000
0.045021
0.017706
0.000542
0.001341
0.102470
0.006928
0.006928
0.516412
0.737118
0.102470
0.028460
0.028460
0.000000
0.093533
0.648077
0.000025
0.000542
0.167546
0.648077
0.045021
0.000000
0.000000
1.000000
0.500387
0.412862
0.045021
1.000000
1.000000
0.000205
0.388935
0.648077
0.209482
0.093533
0.438578
0.386476
